.Random.seed <-
c(403L, 10L, 342622016L, -772684002L, -1263208471L, 1588714779L, 
-1725204694L, -1977776052L, 825982991L, 244337477L, -513680132L, 
-105583790L, 1396485325L, 24939655L, -432023698L, -1275614904L, 
-939029173L, -25767767L, 1422103032L, -1338875610L, -667385279L, 
59124691L, -4400766L, 1718545844L, 1624521015L, -465359827L, 
-1904666300L, 1351175786L, -702699307L, 1811170927L, 323654518L, 
-2078948192L, -1301750429L, -434737663L, -105108112L, -112874226L, 
-438177927L, 1931742987L, 1585795130L, -821043396L, -380773249L, 
-1451855915L, -1776958996L, -2056719550L, 295885981L, 404907287L, 
-186999682L, 14742584L, 1165431579L, 72161401L, 180797640L, -2071901962L, 
-1177282255L, 903360867L, 1929290546L, -819549052L, -1647617849L, 
-432077923L, 1573070612L, 259481018L, -810320891L, 1191465439L, 
-464989082L, 1763210224L, -1380954861L, 1923347121L, -615899808L, 
1195905790L, 1491472009L, 961165755L, -1599069302L, -582743444L, 
1691075567L, -586748891L, -1468533540L, -948057422L, -1364939347L, 
-1717784217L, 745164430L, -1873029272L, -449605781L, 448777L, 
777277336L, 721319622L, -25574367L, 1173524659L, -1054258654L, 
-1931654124L, -985227113L, -1861152115L, -1213987932L, -1051558518L, 
-1866143243L, 809714767L, -1078221994L, -608921088L, 1885942595L, 
-375942431L, 1464598608L, -1451171666L, -2071292839L, 232236139L, 
-900863526L, 1098691228L, 1873726623L, -1392001291L, 974029708L, 
-1499065758L, 903489085L, 225380535L, 1897068382L, -554091880L, 
53357051L, 1554928537L, -247190488L, 1821629654L, 986057041L, 
320219139L, 1491316626L, -1953858268L, -988916761L, 351971389L, 
-1445177676L, -23986918L, 227249765L, -1962638593L, 1858361222L, 
-1651889904L, -2089412173L, -2105097647L, 438292992L, -2146382114L, 
331449641L, 1383303387L, 2010271722L, -1729007732L, -432627505L, 
788963461L, -574102724L, -1849271790L, 2005332237L, 1949170247L, 
-609198034L, -1449847416L, 269249675L, 1523795561L, 553818680L, 
-717272346L, 2124277377L, -981325293L, -1259500094L, -547797388L, 
65722487L, 1179654509L, -38511100L, -1373762262L, -2054788459L, 
1629806895L, -1188694986L, -832565152L, 345945763L, -1569164863L, 
-509833808L, -250297138L, 198783545L, 1321223243L, 468747770L, 
1268089084L, 1377735999L, 1603955221L, -833773268L, -1670835710L, 
1606639837L, 979334103L, -662761794L, 259291384L, 1009272539L, 
1541176633L, -243955576L, -1686843338L, -267737999L, 983256739L, 
1487938546L, -601417916L, -1942546425L, 923809245L, 1287320276L, 
-1655276038L, -1158516411L, -1046506081L, -1703254234L, 1612539824L, 
1288389715L, 1277542257L, -1507002720L, 829020734L, 1154134345L, 
-515682309L, -555871286L, 288533804L, 1761091887L, 215306213L, 
1669402268L, 1167465202L, 1438784365L, 1475355815L, 1236877006L, 
-1868893144L, 1040173099L, 997493321L, -1899994280L, -2032243194L, 
-186583071L, 1552467315L, 946105826L, 471540052L, 15568983L, 
-289588147L, -1227362332L, 1104125386L, -1890671563L, -1514446193L, 
-1519772778L, 856434496L, 2103724547L, -394121183L, 1956567824L, 
984217838L, 1560344729L, -448673208L, -1145481204L, 116460636L, 
2073399762L, 1659074048L, -2058292908L, -1048903448L, 1743368442L, 
1549739728L, -1248917204L, -1295591180L, 1915841938L, 366422368L, 
-1148786676L, 1430948576L, -1813020062L, -1844594008L, -743294388L, 
216508284L, 497298738L, 1154319984L, 496614212L, -1833547816L, 
-613204102L, 1252019760L, 554497980L, 1666102868L, 1884792898L, 
-372694880L, -1936216388L, 848169424L, -1518730398L, 1282409192L, 
-845938484L, 597008892L, 1031326194L, -1160570240L, -47909388L, 
952108680L, -367722694L, 1193558864L, -1428745108L, -1438836332L, 
1111073874L, 2141022688L, 899726540L, -1386386272L, 1753331074L, 
-1586077464L, -1010606356L, 1643752764L, 627981426L, -2039136144L, 
-1105143772L, 242510904L, -856295654L, -2084815664L, 1994962748L, 
952522644L, 834833282L, 770765248L, 1130376764L, 1212843408L, 
1677747746L, 1180622088L, 1786709644L, -730228964L, 421879954L, 
6482304L, -1170031084L, -238817496L, -1652272582L, 990352848L, 
-1874425492L, 392790964L, -7731182L, -1804562976L, -821821492L, 
1081598176L, 272398370L, -1391345368L, 277372428L, 1577819964L, 
886619122L, 907414256L, -959175100L, 1913528920L, -284000454L, 
765761008L, -1084944708L, 164321556L, 278895298L, 1074482272L, 
-438717572L, -614463536L, -894648030L, -1010742616L, -1247530100L, 
651552956L, 188720946L, 682560L, 1848681652L, -443303352L, -836682310L, 
-1093199344L, -1904219412L, -1402230444L, 1898299666L, -1243636320L, 
-480388404L, -2036760992L, 1996586946L, 1689173800L, 1549488044L, 
-262409412L, 488393074L, -413607120L, -1461304028L, 143014712L, 
1524618970L, 176930704L, -780554500L, -374283372L, -1963624382L, 
-453868288L, -339286980L, 896082256L, -1384552286L, -716547768L, 
-531224820L, -1766599972L, 555830610L, -66855808L, -1701437356L, 
77527016L, 1017069818L, 668035920L, -1324458196L, -2095048332L, 
1944980370L, 532523104L, -729324148L, -1905050784L, 572852706L, 
-1764168792L, -1495655220L, -307922948L, -27228750L, 184020464L, 
-792486972L, -1558766248L, 1345139066L, 568699824L, -126844484L, 
2093934676L, 691457986L, 838064160L, -194815812L, -1515814320L, 
-876287006L, 560597096L, -1621255092L, -1334970116L, 1409014770L, 
-848529152L, 106029428L, -341302264L, 1068679098L, 2121863632L, 
-1923580948L, -164939372L, 64045522L, 1765728L, 1341697868L, 
-900716256L, 1275099010L, 2047225576L, -133390100L, 520447036L, 
799300466L, -859208080L, -1960424412L, 1277535032L, 256269466L, 
-1134318896L, -1819254596L, 580730516L, -422121854L, 1866979520L, 
123861820L, -1702130544L, 790339106L, 1054908424L, 565298444L, 
-2011528036L, -1553080814L, 692719488L, 1711138324L, -302415320L, 
835333434L, -1752186416L, 1741962348L, -1119463116L, 1598402194L, 
-1423387808L, -241507508L, -1588480032L, 895014818L, 1879046056L, 
-1275884148L, 541028540L, 1713590642L, -1534702352L, 1678807108L, 
-208684712L, -1807712710L, 880417648L, 232036412L, 10573588L, 
-1139229246L, 1170150112L, 1638461308L, -264790320L, -36540254L, 
-2003098584L, 305579276L, -545042500L, -2131339695L, 1103080918L, 
1443168436L, -1503445819L, 640351759L, 1157756552L, -1822606426L, 
-1978698925L, 773512373L, 648157714L, -543229984L, -1842582967L, 
308568187L, 753709388L, 1643848922L, 1824277711L, -2135322471L, 
2215086L, 734165436L, -1597013459L, 1332753879L, -130130912L, 
-986775170L, 1988202315L, 361567565L, -663692422L, 640253368L, 
-1942331551L, -143141101L, 1554804532L, 516209986L, 1273147735L, 
1561509025L, 983147878L, 1376454500L, -714512747L, -1918869569L, 
1665000280L, 231317878L, 1834820483L, 2121253317L, 1248954082L, 
-1061419184L, -1383562631L, 698459563L, -1645057252L, -1359823798L, 
-1009178561L, -1466779511L, 2035604638L, 792873292L, -2028400355L, 
-1147732825L, 1004817360L, 1578677102L, 404845083L, -28454019L, 
-59395734L, 1199042568L, -2035803983L, 698791715L, -1141124060L, 
550242002L, -1230265561L, 1390749041L, -303387722L, -935162028L, 
-1275344411L, 990540783L, 1581269800L, -992246906L, 709705651L, 
500545301L, 763421042L, 1141859776L, 1326241321L, -1511757157L, 
1030935404L, 430156666L, -884632401L, -1076338759L, -1366115890L, 
288513308L, -806610803L, 1017992439L, 1712009216L, 433058398L, 
1205021995L, 744033837L, 847296154L, 1051001432L, -790962751L, 
1894343283L, 1935269780L, -1533104606L, 69538103L, -963772415L, 
2103368966L, 1793100100L, -863626123L, 486534623L, -953697992L, 
-135449834L, 310528803L, -1221410587L, 592747778L, -190959760L, 
-759345383L, -1034418421L, 1330242556L, -1034788822L, -1418539937L, 
1094763497L, -62698242L, -1890548500L, -855607235L, -1228387321L, 
239278064L, 2084709262L, -1926733381L, 936894365L, 999787850L, 
-1321663128L, 500763473L, -774100925L, 280916292L, 1580599794L, 
211033031L, -337449583L, 176046358L, -1538633356L, -116652027L, 
-1301950385L, 11752520L, 1744374246L, -978528493L, 1346617461L, 
911082066L, -1590106976L, -1168261751L, 1952271803L, 2031155724L, 
-432835686L, -1291543793L, -687367847L, 879029230L, -2026343812L, 
